   2.7702221028601659e-01
   2.4073409766891721e-02
   1.3268367590276456e-02
   1.5846237600104594e-02
   1.3912528360824329e-02
   1.3641611403088238e-02
   1.3597864482132457e-02
   1.3945770534826429e-02
   1.2282946003641876e-02
   8.5366081765612042e-03
   1.1177837854733840e-03
   1.1382426058967321e-03
   7.4399921625521530e-04
   6.5637689767772444e-04
   4.0969385322446101e-04
   3.2359459757212115e-04
   3.2334394982779635e-04
   2.7213715964010922e-04
   2.7023961136067506e-04
   2.0768140487304818e-04
   2.0773732563308600e-04
   2.0774412164517909e-04
   2.0757529881463424e-04
   2.0742648325964349e-04
   1.9772648271322482e-04
   1.7234080563056057e-04
   1.7633156425473300e-04
   3.4389199407783741e-05
   3.4641751425898002e-05
   3.3690299333907051e-05
   1.9321975365422415e-05
   1.9840113339127363e-05
   1.6130151637904070e-05
   5.7760890832351041e-06
   5.7355783852522884e-06
   4.1551734703107096e-06
   3.1605144736237940e-06
   2.7893902815359992e-06
   2.5334818952926398e-06
   2.7515690447863426e-06
   2.7301631976633453e-06
   2.7656884100137898e-06
   2.7679893216942072e-06
   2.7921881706400242e-06
   2.9877768435855183e-06
   2.9730427851421070e-06
   2.9088863903768485e-06
   2.1170865107585451e-06
   2.0879557947161233e-06
   2.1986419059348672e-06
   1.3143756735069596e-06
   1.2673995442860549e-06
   1.2706232103486897e-06
   7.3822253758465432e-07
   6.1314821757216430e-07
   6.0351366171279149e-07
   3.1279246204868234e-07
   2.6696198170193720e-07
   2.4741595811653530e-07
   2.3822099725151636e-07
   2.2373571057782491e-07
   1.1136243510617026e-07
   1.0564549796857511e-07
   9.9153477650604747e-08
   6.9214880578600599e-08
   5.1904590995073027e-08
   5.7962692985024324e-08
   5.8765137912758076e-08
   4.9076735293296555e-08
   3.5904575821083778e-08
   3.8332010734904716e-08
   3.9238328802581111e-08
   4.2822872297859306e-08
   4.0748416155247046e-08
   3.7551576769758557e-08
   3.3033155254469114e-08
   3.1459241849802822e-08
   3.1271277296790149e-08
   2.7584777591435975e-08
   2.6702869589325220e-08
   2.7137063487163241e-08
   2.4374921839124296e-08
   2.4351216174004731e-08
   2.1972268728411236e-08
   2.3784456006686077e-08
   2.3830576351999597e-08
   2.3196676176317689e-08
   2.2462594270941931e-08
   2.3554306238358637e-08
   2.2973726806991215e-08
   2.2451719471782315e-08
   2.2512445291466942e-08
   2.2443932265557674e-08
   2.2442423501219692e-08
   2.2470800571344243e-08
   2.2756858821706395e-08
   2.2506579111943483e-08
   2.2691216669673758e-08
   2.2016778658587611e-08
   2.1501626590958902e-08
   2.4591766659909705e-08
   2.2735235508171726e-08
   2.3576823789490270e-08
   2.1110244574894291e-08
   2.1778604739394322e-08
   2.2120732754185094e-08
   2.2229377404165924e-08
   2.2126137748941903e-08
   2.2061430012516410e-08
   2.3716878590547828e-08
   2.5062533452984251e-08
   2.2549479431022568e-08
   2.2414794873117677e-08
   2.3997480433488246e-08
   2.3416722623202160e-08
   2.1992007680404389e-08
   2.4071431179543065e-08
   2.2277741790030101e-08
   0.0000000000000000e+00
   0.0000000000000000e+00
