   1.8112173444502400e-01
   4.8306035165702728e-03
   2.1106640674421590e-03
   4.0580884054714477e-03
   4.5016790088744903e-03
   4.3599576216086589e-03
   4.3444312856590712e-03
   4.6228407073629152e-03
   3.9015787622310749e-03
   3.4242622942173744e-03
   4.3022404685923556e-04
   4.3268634061572171e-04
   3.4800586913023347e-04
   3.1120509215520697e-04
   9.2416657758424080e-05
   6.1244494974679569e-05
   5.6366297599101709e-05
   4.9816551375344584e-05
   4.9546197233511908e-05
   4.2133540560858185e-05
   4.2274661919877276e-05
   4.2257265839742681e-05
   4.2071975068308997e-05
   4.1960190616621748e-05
   4.0724636662031978e-05
   3.0117833080697688e-05
   3.0326995387870236e-05
   3.9519878165902433e-06
   4.4636214629570008e-06
   4.6457270757265589e-06
   2.3989045703871727e-06
   2.3968784700549524e-06
   1.9868987717074291e-06
   6.8480226315695790e-07
   6.8559053360502697e-07
   5.5571535035770691e-07
   4.7465955988578129e-07
   5.3258382421277083e-07
   5.0220879708620230e-07
   4.8460815512159394e-07
   4.8957499068042046e-07
   5.1944261547319417e-07
   5.3180979776115694e-07
   5.3053032260186744e-07
   5.8985221321739073e-07
   5.7944703584994108e-07
   5.7111681176021304e-07
   4.2746204871739086e-07
   4.2871231586720457e-07
   4.8733336113526743e-07
   2.6355523338601444e-07
   2.7127868374839111e-07
   2.9393086829081416e-07
   1.0272408888702859e-07
   1.6866584798544476e-07
   1.6984201392370453e-07
   9.4661121966684284e-08
   8.1409963217578767e-08
   8.4578432720381071e-08
   8.2534589338736558e-08
   7.3796661084433670e-08
   5.2103487702414869e-08
   5.5601260480733337e-08
   5.8539575165857939e-08
   5.3119523293282953e-08
   4.8306298782662485e-08
   4.8330736616450581e-08
   5.0275907557937558e-08
   5.1765203334340219e-08
   5.1248044793322347e-08
   5.4755061127074575e-08
   5.7214054271381914e-08
   6.0603883223071411e-08
   5.6283936697601826e-08
   6.8459592850241370e-08
   6.2679184009941170e-08
   5.9202542789181587e-08
   5.6899359434407958e-08
   4.9381490440675880e-08
   4.7188477115595965e-08
   4.7495075730565126e-08
   4.5734226412890588e-08
   4.8175579698166360e-08
   4.7540716590894026e-08
   5.0739282724225140e-08
   5.8150763220419972e-08
   4.4469611643570603e-08
   4.5844994614139745e-08
   5.3516290355752429e-08
   5.3565183575993276e-08
   5.3271485140473843e-08
   4.8660505029790909e-08
   5.0939211669490370e-08
   5.0038345822829512e-08
   5.2173287349027750e-08
   4.8906848094822361e-08
   4.8206656204791800e-08
   6.0237308986696879e-08
   5.5951859349305927e-08
   5.0207639524298872e-08
   7.8457687911065478e-08
   6.2098524536253832e-08
   6.8149959800340039e-08
   5.1072367489439735e-08
   6.2872863216308672e-08
   4.8930840837933006e-08
   4.9293594979536483e-08
   5.9385764807453623e-08
   5.4621368279325342e-08
   7.5491690371868533e-08
   8.4148690977636172e-08
   7.1365893399062302e-08
   6.6423940543372569e-08
   7.6089488803279511e-08
   6.6909909488456408e-08
   6.7111250814326284e-08
   7.3873682629917348e-08
   5.9305036941590688e-08
   0.0000000000000000e+00
   0.0000000000000000e+00
