   1.6535987321528329e+00
   1.5440824687117460e+00
   1.7621926812558271e+00
   1.0905450704483968e+00
   9.8818294410680130e-01
   4.3286569777800910e-01
   3.7464470944961115e-01
   2.7332282304467687e-01
   1.4613954860451669e-01
   8.6089514444263326e-02
   6.4722501566741503e-02
   6.6629664506972663e-02
   4.9887671537044397e-02
   3.8988730951436339e-02
   3.9160307404195009e-02
   4.1959368496670986e-02
   4.8106229634427206e-02
   4.9064245485216755e-02
   4.4752715803733870e-02
   3.7310216405829336e-02
   3.2248719000349500e-02
   2.3454081469150696e-02
   2.2872416707685923e-02
   1.0355388845865832e-02
   7.0364090252775877e-03
   5.6308223944039476e-03
   5.6228355620334455e-03
   5.9509613826499658e-03
   6.2070677684198878e-03
   6.0757451764555858e-03
   6.0251226673636417e-03
   6.0289283365027209e-03
   6.0826112736920195e-03
   5.1147334602180110e-03
   5.0818050692455451e-03
   4.8263526736209549e-03
   4.8634213558746715e-03
   3.8132400426382448e-03
   3.6009902069464878e-03
   3.4507563164147886e-03
   3.5401749130631478e-03
   3.6837167577228190e-03
   3.7257484212696954e-03
   3.6710861674853728e-03
   3.7354497966552709e-03
   3.5628414126637983e-03
   2.2735348721129129e-03
   2.0064515166805874e-03
   1.3285588279216417e-03
   9.4703605425872452e-04
   6.2294269632213366e-04
   6.2000714423156148e-04
   3.3285846208360034e-04
   2.3849264023121590e-04
   1.7658130143329679e-04
   1.8215354458491742e-04
   1.7807076435214731e-04
   1.7557360210707784e-04
   1.7112882780088623e-04
   1.2234145920150992e-04
   1.0567807910495752e-04
   1.0664134874231603e-04
   1.0620470657593530e-04
   1.0743228103765967e-04
   9.6241248465278505e-05
   1.0134802558616848e-04
   9.8828138838112647e-05
   9.2499716231372615e-05
   9.2182477742653725e-05
   8.7117518215093490e-05
   6.5859339357776818e-05
   5.0921709481375839e-05
   4.1767052361851598e-05
   3.6332970531018816e-05
   3.5291143080977254e-05
   3.0905926263795716e-05
   2.8599857528192429e-05
   2.8789268859032875e-05
   2.6791973551248612e-05
   2.4708761889182838e-05
   2.5104911521098502e-05
   2.4876909754536025e-05
   1.7695300136700259e-05
   1.1857750157241858e-05
   8.1847160306457793e-06
   5.5322212658033274e-06
   5.6224371837107229e-06
   4.9186932894038091e-06
   4.1676706181733384e-06
   4.1910109557325872e-06
   3.0066470086544490e-06
   2.9701165217678047e-06
   2.8711853449194754e-06
   2.5994320326215784e-06
   2.4817620582012312e-06
   2.3345209227962416e-06
   2.4022983311320218e-06
   2.0017243630790047e-06
   1.9406443978749208e-06
   1.9230100088156113e-06
   1.2656827256482770e-06
   1.2136564562035595e-06
   1.0050322204191912e-06
   1.0092301731681789e-06
   9.9404733649963330e-07
   9.6299991089504873e-07
   9.9617505887234826e-07
   9.7237136997304012e-07
   8.9144756655478489e-07
   8.9061138014969050e-07
   8.8858296408292493e-07
   8.8298209778272432e-07
   8.1119918406544395e-07
   8.0105963212075507e-07
   6.7763602789390861e-07
   6.5607389878057901e-07
   6.5202849149675028e-07
   6.5144420354233345e-07
   6.3025144075203434e-07
   6.1331734311855426e-07
   6.1272405872365932e-07
