   1.6535987321528329e+00
   1.2288156103174517e+00
   1.3938167934719430e+00
   8.6124013255389831e-01
   6.8736966742294991e-01
   3.7141832313236656e-01
   2.2968831104990689e-01
   1.7877008112312678e-01
   8.5530576204755224e-02
   8.4432397190990882e-02
   8.3840580255009151e-02
   7.4818160550729387e-02
   7.2428212083116728e-02
   5.1807701949545391e-02
   3.8341253144537998e-02
   3.9075206172428316e-02
   4.0312612575724105e-02
   4.1937289534579786e-02
   4.4591501439716436e-02
   4.6206318644240678e-02
   4.1724273129185564e-02
   3.7689546272822762e-02
   2.5413116408421119e-02
   2.1736980987650992e-02
   1.2254273673461390e-02
   8.8518845034223151e-03
   8.3192961888482238e-03
   8.2826989089063389e-03
   6.4739474150809400e-03
   6.3455215973980909e-03
   6.6201490472368963e-03
   6.4288002730577762e-03
   5.2442525266611674e-03
   4.7955039698661809e-03
   4.6578835246031472e-03
   4.4953414654714989e-03
   4.5269780520663556e-03
   4.6231201268522159e-03
   4.7175523769510284e-03
   4.7856738758454646e-03
   4.4826325380692604e-03
   2.7947286726716526e-03
   2.5264091396244998e-03
   2.1283848463851869e-03
   1.8723280217528135e-03
   8.0510103128196748e-04
   7.4906655763264021e-04
   6.9664608755325662e-04
   4.8282838941937856e-04
   4.3815675595380583e-04
   4.4586539742220082e-04
   3.7730687595339987e-04
   2.5712119336411478e-04
   2.0597942875795423e-04
   2.0782915744235584e-04
   1.5586776421075996e-04
   1.5734978985997128e-04
   1.3521977071826680e-04
   1.2686341803173996e-04
   1.2030517990751753e-04
   1.2016428850721467e-04
   1.1541505812357467e-04
   1.0429944323847428e-04
   1.0378588386072347e-04
   1.0537824897840642e-04
   9.6057464133821009e-05
   9.0048754462484189e-05
   8.7377750271284486e-05
   8.3862851184769347e-05
   7.6846463122894800e-05
   7.4411177533664801e-05
   5.1918070089480532e-05
   5.0883532895137577e-05
   5.3266174583257513e-05
   5.0066052607294001e-05
   4.7562275010981405e-05
   4.6481920783282464e-05
   4.5884860276063259e-05
   4.6243044345094827e-05
   4.6217488916166607e-05
   4.6217505036929386e-05
   4.6217514785331389e-05
   4.6217520665122719e-05
   4.6217526791221405e-05
   4.6217530482643566e-05
   4.6217533145505095e-05
   4.6217535523178985e-05
   4.6217531689813956e-05
   4.6217534203572845e-05
   4.6217534166303802e-05
   4.6217535514703756e-05
   4.6218840795978749e-05
   4.6218841730900432e-05
   4.6218842032952855e-05
   4.6218842678408576e-05
   4.6218843957644652e-05
   4.6218844522828057e-05
   4.6218845204768225e-05
   4.6218830351051694e-05
   4.6218830669216622e-05
   4.6218830814206118e-05
   4.6218831510900868e-05
   4.6218831322648345e-05
   4.6218833687773544e-05
   4.6218833061295169e-05
   4.6218834311128353e-05
   4.6213737022440107e-05
   4.6210964658482725e-05
   4.6210964998389620e-05
   4.6210962826992410e-05
   4.6210963112337576e-05
   4.6210962927340173e-05
   4.6210963977894409e-05
   4.6210963175374371e-05
   4.6210963949365248e-05
   4.6210963391351252e-05
   4.6210965191883496e-05
   4.6053160920375259e-05
   4.6053161380118844e-05
   4.6053165857504001e-05
   4.6053165458737756e-05
