   5.1118096768633920e+00
   2.3805514361134290e+00
   2.3166316335411965e+00
   1.1304155618750296e+00
   1.1207603774107846e+00
   4.8378762427026784e-01
   2.3789789144911913e-01
   1.7776992219260268e-01
   5.7192016540829005e-02
   5.6787590868117965e-02
   5.4910028492563004e-02
   5.0075961227361888e-02
   5.0918067588990923e-02
   3.4529194798207707e-02
   1.4329532109120954e-02
   1.4624594903978369e-02
   1.4909854434909126e-02
   1.4984723788421460e-02
   1.7488226939075056e-02
   1.7246798054774352e-02
   1.6815338100047265e-02
   1.3954354947434326e-02
   1.5940963521352099e-02
   1.3101166222986949e-02
   6.8351579024599979e-03
   8.1934387189684758e-03
   4.8598955156816601e-03
   4.1379087366330428e-03
   4.6350012970374135e-03
   4.5198996607373563e-03
   4.8445671596622610e-03
   4.7739777769526225e-03
   2.9337494998035321e-03
   2.3353439602178303e-03
   2.2929924183540894e-03
   1.9571841213346657e-03
   1.9510265268988507e-03
   2.0035031229184833e-03
   2.0219800562212022e-03
   2.0828822215270769e-03
   1.8974493680867441e-03
   7.5625280268119507e-04
   6.6403183115606556e-04
   5.3265918040659678e-04
   4.4094708439083635e-04
   1.7259766475847160e-04
   1.4939406832450343e-04
   1.2194567549970252e-04
   7.6124661853615755e-05
   7.2640795598200733e-05
   7.4129238668421880e-05
   7.1310130073453995e-05
   6.9106679422161827e-05
   3.9664070702334942e-05
   4.4216894474137057e-05
   3.7869595288135761e-05
   4.3614246404995257e-05
   3.8298171596267101e-05
   3.5251096792056227e-05
   4.1539858943066714e-05
   4.0924225049794104e-05
   3.9636824353291966e-05
   3.7705017937974442e-05
   3.7930078522322810e-05
   3.7563569458529403e-05
   3.5279721539300949e-05
   3.4033727044753785e-05
   3.4991283412480554e-05
   3.4288281081303341e-05
   2.9055295293975221e-05
   2.5210962071166972e-05
   2.3078891248152595e-05
   2.2382547947318172e-05
   2.2942279621813779e-05
   2.1351405778226513e-05
   1.9873326156290988e-05
   2.0160298116214613e-05
   1.9915579717743839e-05
   2.0151142038075540e-05
   2.0113226193371127e-05
   2.0113260093166004e-05
   2.0113223783449727e-05
   2.0113257501291356e-05
   2.0113232111712340e-05
   2.0113252470873281e-05
   2.0113297655517830e-05
   2.0113293952782111e-05
   2.0113270019320388e-05
   2.0113267555978636e-05
   2.0113271329468437e-05
   2.0113254574179478e-05
   2.0114158934629161e-05
   2.0114175753710807e-05
   2.0114168266345855e-05
   2.0114168530455590e-05
   2.0114129886894975e-05
   2.0114142769585797e-05
   2.0114194990269253e-05
   2.0114141838261796e-05
   2.0114126364695740e-05
   2.0114147736499731e-05
   2.0114148363693903e-05
   2.0114139867024166e-05
   2.0114167742618079e-05
   2.0114126720878187e-05
   2.0114149705995804e-05
   2.0118553303669008e-05
   2.0116664191190130e-05
   2.0116684246798184e-05
   2.0116679767845690e-05
   2.0116681347437477e-05
   2.0116706676417245e-05
   2.0116671111501426e-05
   2.0116651904486060e-05
   2.0116661414319898e-05
   2.0116654833893712e-05
   2.0116705520365588e-05
   2.0003605544961144e-05
   2.0003691648554491e-05
   2.0003645075872962e-05
   2.0003633620896926e-05
