   1.1821724304265884e+02   9.4993820265491979e-01   2.2275317354107016e+00
   3.0645085364902585e+00   5.3147683147304048e-01   5.7225827060993739e-01
   2.7580656316605334e+00   5.4240660227688009e-01   5.3279026050190637e-01
   2.7504213602967535e+00   5.4594815932591534e-01   5.2932409224598564e-01
   2.7248040344897455e+00   5.3452808130561602e-01   5.3193971282761110e-01
   2.4682482975008977e+00   5.2783150885983843e-01   5.2742618356789606e-01
   2.4682482975008977e+00   5.2783150885983843e-01   5.2742618356789606e-01
   2.4682482975008977e+00   5.2783150885983843e-01   5.2742618356789606e-01
   2.4682482975008977e+00   5.2783150885983843e-01   5.2742618356789606e-01
   2.1421114286008440e+00   4.5593972334894234e-01   5.2523124847303460e-01
   2.1444149998927373e+00   4.8321231914619800e-01   4.7046457351646864e-01
   2.1425208776080740e+00   4.8363323960304411e-01   4.7482560570856081e-01
   2.1453065663644484e+00   4.7669156827842990e-01   4.8512614575800245e-01
   2.3843728360525844e+00   4.8787584713612653e-01   4.9558128907892240e-01
   2.3828814900749431e+00   4.9099141339280133e-01   4.9775678903168458e-01
   3.0815275515205411e+00   5.2400464741038422e-01   5.1452400116534958e-01
   3.0815275515205411e+00   5.2400464741038422e-01   5.1452400116534958e-01
   3.7908360105491994e+00   5.4605734678935713e-01   5.3791447518833024e-01
   3.7891417349676604e+00   5.4818530363108964e-01   5.4044054902930627e-01
   6.3064080093212542e+00   6.0183317646069923e-01   5.8888064014916786e-01
   6.3049728618784808e+00   6.0213125494565323e-01   5.8942243628599333e-01
   6.3049728618784808e+00   6.0213125494565323e-01   5.8942243628599333e-01
   6.3049327918227549e+00   6.0214301192431485e-01   5.8943858916153336e-01
   6.3049327918227549e+00   6.0214301192431485e-01   5.8943858916153336e-01
   6.2940467820512822e+00   6.0548988112588475e-01   5.9286818549416609e-01
   6.2940467820512822e+00   6.0548988112588475e-01   5.9286818549416609e-01
   6.0045479484667839e+00   6.0523339912188667e-01   5.8411655903703519e-01
   1.2280863803457827e+01   6.6963387801671981e-01   6.5397118872528570e-01
   1.2280863803457827e+01   6.6963387801671981e-01   6.5397118872528570e-01
   1.2280863803457827e+01   6.6963387801671981e-01   6.5397118872528570e-01
   1.2360725176191760e+01   6.6445904318261673e-01   6.6936218488151633e-01
   1.2360725176191760e+01   6.6445904318261673e-01   6.6936218488151633e-01
   1.2360725176191760e+01   6.6445904318261739e-01   6.6936218488151733e-01
   1.2406457228978994e+01   6.7086322980282398e-01   6.7353153758752271e-01
   1.2406457228978994e+01   6.7086322980282409e-01   6.7353153758752271e-01
   1.2406457228978994e+01   6.7086322980282409e-01   6.7353153758752282e-01
   1.2413110685887791e+01   6.7396383288534978e-01   6.7651460132969810e-01
   1.2413110687137404e+01   6.7396383307495655e-01   6.7651460147644260e-01
   1.8041283301892943e+01   7.0689263541068348e-01   7.2129124266745626e-01
   1.8041283301892943e+01   7.0689263541068348e-01   7.2129124266745626e-01
   1.8041283301892943e+01   7.0689263541068348e-01   7.2129124266745626e-01
   1.8041283301892943e+01   7.0689263541068348e-01   7.2129124266745626e-01
   1.8040091101637820e+01   7.1662765966687991e-01   7.2212544221692687e-01
   1.8040091101637820e+01   7.1662765966687991e-01   7.2212544221692687e-01
   1.8040091101637820e+01   7.1662765966687991e-01   7.2212544221692687e-01
   1.8035636243686071e+01   7.1837289803759108e-01   7.2358083228970083e-01
   1.8024287484472666e+01   7.2573992249995500e-01   7.2837045199836803e-01
   1.8024287484472666e+01   7.2573992249995500e-01   7.2837045199836803e-01
   1.8024287484472666e+01   7.2573992249995500e-01   7.2837045199836803e-01
   1.8024287484472666e+01   7.2573992249995500e-01   7.2837045199836803e-01
   2.8231468472456118e+01   7.8258244720620374e-01   7.6750325020738130e-01
   2.8231468472456118e+01   7.8258244720620374e-01   7.6750325020738130e-01
   2.8231468472456118e+01   7.8258244720620374e-01   7.6750325020738130e-01
   2.8395744416568323e+01   7.8912558005574829e-01   7.7848903329241848e-01
   2.8628070043888020e+01   7.9805298475447195e-01   7.5374673539256754e-01
   2.8643810101202178e+01   7.9843351122930550e-01   7.5614141835298510e-01
   2.8700749013704186e+01   7.9756589571257819e-01   7.6699997658323116e-01
   2.8700749013704197e+01   7.9756589571257797e-01   7.6699997658323094e-01
   2.8700749013704197e+01   7.9756589571257797e-01   7.6699997658323094e-01
   2.8700749013704197e+01   7.9756589571257797e-01   7.6699997658323094e-01
   2.8700749013704197e+01   7.9756589571257797e-01   7.6699997658323094e-01
   2.8700749104331340e+01   7.9756589633616204e-01   7.6699998361364163e-01
   2.8716663948356210e+01   7.9802878110504338e-01   7.6954556834771370e-01
   2.8716663948356210e+01   7.9802878110504338e-01   7.6954556834771370e-01
   2.8716663948356210e+01   7.9802878110504338e-01   7.6954556834771370e-01
   2.8716663948356210e+01   7.9802878110504338e-01   7.6954556834771370e-01
   2.9395019995680457e+01   7.8369872084251291e-01   7.9609387647439445e-01
   2.9574015489704230e+01   7.8937721471619948e-01   7.9679175327770990e-01
   2.9575578934289663e+01   7.8936972344308487e-01   7.9675683635678851e-01
   2.9575578934289663e+01   7.8936972344308487e-01   7.9675683635678851e-01
   2.9576711939992087e+01   7.8936681641026307e-01   7.9673537386076099e-01
   2.9576711939992087e+01   7.8936681641026307e-01   7.9673537386076099e-01
   2.9577020146455578e+01   7.8937071160496097e-01   7.9673437658593416e-01
   2.9577020146455578e+01   7.8937071160496097e-01   7.9673437658593416e-01
   2.9577049816256608e+01   7.8937191850416255e-01   7.9673454453360160e-01
   2.9577049816256608e+01   7.8937191850416255e-01   7.9673454453360160e-01
   2.9577049816256608e+01   7.8937191850416255e-01   7.9673454453360160e-01
   2.9577049816256608e+01   7.8937191850416255e-01   7.9673454453360160e-01
   2.9577049816256608e+01   7.8937191850416255e-01   7.9673454453360160e-01
   2.9577049816256608e+01   7.8937191850416255e-01   7.9673454453360160e-01
   2.9577049816256608e+01   7.8937191850416255e-01   7.9673454453360160e-01
   2.9578229892340495e+01   7.8944904030450647e-01   7.9677889807836411e-01
   2.9579302472588754e+01   7.8952383256088132e-01   7.9681524202023080e-01
   2.9579302472588754e+01   7.8952383256088132e-01   7.9681524202023080e-01
   2.9598277692563329e+01   7.9101006243172267e-01   7.9758795232775559e-01
   2.9598277692563329e+01   7.9101006243172267e-01   7.9758795232775559e-01
   2.9598277692563329e+01   7.9101006243172267e-01   7.9758795232775559e-01
   2.9598277692563514e+01   7.9101006243173133e-01   7.9758795232775981e-01
   2.9598277692565709e+01   7.9101006243181793e-01   7.9758795232780177e-01
   2.9598277692565709e+01   7.9101006243181793e-01   7.9758795232780177e-01
   2.9598277692565709e+01   7.9101006243181793e-01   7.9758795232780177e-01
   2.9598277692565709e+01   7.9101006243181793e-01   7.9758795232780177e-01
   2.9598277692565709e+01   7.9101006243181793e-01   7.9758795232780177e-01
   2.9598277692565709e+01   7.9101006243181793e-01   7.9758795232780177e-01
   2.9598277692565709e+01   7.9101006243181793e-01   7.9758795232780177e-01
   2.9598277692565709e+01   7.9101006243181793e-01   7.9758795232780177e-01
   2.9598277692565709e+01   7.9101006243181793e-01   7.9758795232780177e-01
   2.9598277692565709e+01   7.9101006243181793e-01   7.9758795232780177e-01
   2.9598277692565709e+01   7.9101006243181793e-01   7.9758795232780177e-01
   2.9598277692565709e+01   7.9101006243181793e-01   7.9758795232780177e-01
   2.9598277692565709e+01   7.9101006243181793e-01   7.9758795232780177e-01
   2.9598277692565709e+01   7.9101006243181793e-01   7.9758795232780177e-01
   2.9598277692565709e+01   7.9101006243181793e-01   7.9758795232780177e-01
   2.9598277692565709e+01   7.9101006243181793e-01   7.9758795232780177e-01
   2.9598277692565709e+01   7.9101006243181793e-01   7.9758795232780177e-01
   2.9614478400699987e+01   7.9191406626819227e-01   7.9789814750572907e-01
   2.9614478400699987e+01   7.9191406626819227e-01   7.9789814750572907e-01
   2.9625540164911737e+01   7.9246590443148657e-01   7.9829745556648457e-01
   2.9625540164911737e+01   7.9246590443148657e-01   7.9829745556648457e-01
   2.9625540719361311e+01   7.9246591651506393e-01   7.9829746194975870e-01
   2.9625540719361311e+01   7.9246591651506393e-01   7.9829746194975870e-01
   2.9625540719361311e+01   7.9246591651506393e-01   7.9829746194975870e-01
   2.9625540719361311e+01   7.9246591651506393e-01   7.9829746194975870e-01
   2.9625540719361311e+01   7.9246591651506393e-01   7.9829746194975870e-01
   2.9625540719361311e+01   7.9246591651506393e-01   7.9829746194975870e-01
   2.9625540719361311e+01   7.9246591651506393e-01   7.9829746194975870e-01
   2.9625540719361311e+01   7.9246591651506393e-01   7.9829746194975870e-01
   2.9625540719361325e+01   7.9246591651506459e-01   7.9829746194975915e-01
   0.0000000000000000e+00   0.0000000000000000e+00   0.0000000000000000e+00
   0.0000000000000000e+00   0.0000000000000000e+00   0.0000000000000000e+00
