   5.1118096768633920e+00
   4.5737227964219596e+00
   5.1488853766156257e+00
   1.2953246504179241e+00
   1.8425193779969429e+00
   4.1886920512084597e-01
   3.0268961544148293e-01
   2.5153366515350517e-01
   1.0910361148973918e-01
   6.0298753658692819e-02
   5.2134990200506284e-02
   5.2928092111929260e-02
   3.6325662913027322e-02
   3.0536088148825299e-02
   2.6600995968397208e-02
   3.3946478103115497e-02
   4.0348328395453804e-02
   3.4446241939299772e-02
   2.0191530239306105e-02
   2.8499669113792914e-02
   7.4912429849756787e-03
   6.5384049165836929e-03
   6.4683850959392939e-03
   2.3550922482854474e-03
   3.8582149817648005e-03
   2.9024354660485501e-03
   2.7778628719386900e-03
   2.9556826111320571e-03
   3.0956440227863659e-03
   3.0010589446570150e-03
   3.1194617503415892e-03
   3.0833205734974150e-03
   3.1493157198246424e-03
   1.9765335214310966e-03
   1.9521662980287984e-03
   1.8931164055197495e-03
   1.9590132216583669e-03
   1.4109063149781460e-03
   1.3062042674328693e-03
   1.2752500984444279e-03
   1.3159327858097746e-03
   1.3237585802292264e-03
   1.3594301068055633e-03
   1.3381160923454356e-03
   1.3667833231207861e-03
   1.4593640874503448e-03
   9.8754746484499482e-04
   8.5410038371502503e-04
   5.8744450055474599e-04
   3.5541995504394729e-04
   2.0835829110134153e-04
   2.1088075440824203e-04
   1.2382172725669845e-04
   1.0051363736271768e-04
   7.1763510778048530e-05
   6.9609187818534275e-05
   6.9396017123357498e-05
   6.8525581146602858e-05
   6.7207308529763026e-05
   5.5917434577890594e-05
   4.8126444066249050e-05
   6.2357179867178565e-05
   5.9958511740159855e-05
   7.5479777040115981e-05
   6.5770298291604418e-05
   6.9349236014428246e-05
   6.6188622758754190e-05
   6.1362775953646904e-05
   5.7783456612624080e-05
   5.5640567453560279e-05
   2.0630881200919404e-05
   1.8552875708887560e-05
   1.6016682303261535e-05
   1.5302554738741871e-05
   1.5103131184377295e-05
   1.4090392384295548e-05
   1.1887989597772269e-05
   1.1857904818949332e-05
   1.1981773127402878e-05
   1.2241620447812133e-05
   1.1944926397540710e-05
   1.1593532627186172e-05
   8.5098416978431029e-06
   6.9083148536316672e-06
   6.4601730322500924e-06
   5.1824625239403476e-06
   5.1185261990666853e-06
   5.2371453067838757e-06
   5.0822555816280734e-06
   4.9879053693268815e-06
   4.4664752961911030e-06
   4.4179456769572723e-06
   4.1222136645433095e-06
   4.1625559621405049e-06
   4.2118573208658536e-06
   3.9673872780716346e-06
   4.0101436570162709e-06
   4.3284827610027543e-06
   4.1077038814407626e-06
   4.2467948099152122e-06
   4.1182684865309205e-06
   4.0489362860135754e-06
   2.8870759932363865e-06
   2.8964084881910489e-06
   2.8924495391951994e-06
   2.6271718260131308e-06
   3.2285709026668809e-06
   3.0934252303532048e-06
   2.5536086559167820e-06
   2.5805316318046125e-06
   2.5945173074472178e-06
   2.5296858815182656e-06
   2.6358762708800623e-06
   2.6518907272022947e-06
   2.7608586208934211e-06
   2.8286695115703540e-06
   2.8572522189970529e-06
   2.8590144681321465e-06
   2.8565068915792162e-06
   2.8535862975597332e-06
   2.8552794339662688e-06
